-2.30244e+014
81.2503
136.111
159.615
2366.57
-115.151
-8.95535
-122.225
-235.301
-883.335
-93.333
-42.8573
-55.5555
-129.166
-336.84
-374.998
-474.999
-376.924
-1300
-207.144
-89.4724
-115.789
-320.003
-205.555
-257.142
-240
-293.334
-150
-374.995
799.997
474.994
-360.001
-78.2605
-31.7458
1.58724
-17.8574
-178.125
-328.566
-203.996
-44.4444
-30.6123
-77.1435
-165.386
-175
-236.363
-288.888
6100.05
-757.141
-235.718
-55.5554
-19.3548
-30.6121
-137.497
425.002
2150
-172.725
-149.998
-245.45
971.419
-933.301
-110.344
-13.7933
-25.4904
-46.9386
-66.6663
-110.344
-184.211
-215.384
-2966.51
2020.09
-641.632
-19.0484
14.7366
5.55561
-79.4117
-345.453
-127.778
-100.001
-119.048
-137.5
6.6671
-89.9995
-349.995
-437.493
-70.9684
-148.149
-255.003
660.006
688.897
-1599.78
-7.66095e+006
-193.328
-237.499
-150
-22
47.0586
46.1538
-1.38884
-23.0772
-61.3638
-60.0001
1533.44
542.851
625
-81.8171
-3.07726
14.6665
4.08161
-52.6302
-499.97
2050.08
-189.473
-92.4998
-100.001
-58.621
-2900.14
-1549.99
787.496
-2033.33
-159.997
-37.9301
6.06075
-299.994
-238.457
-187.998
-61.9046
-43.4783
-107.694
-56.2497
-52.0828
6.89646
-66.6679
-218.185
-150.001
-29.9996
-12.2806
-39.3439
-23.7286
0.000676675
26.9237
-6.66561
-560.015
-600.014
-522.232
-171.428
-96.5511
-134.485
-87.4972
-18.4189
53.2259
35.0654
-18.5185
1340.16
185.714
193.478
1866.57
-185.713
-89.9992
-93.6162
-90.6972
-266.663
-2366.5
-200
2.50045
45.4548
-153.33
-1140.02
-3550.01
-1749.98
1224.98
-99.9988
2.2728
10.7143
9.52393
-73.6839
-194.119
-185.001
-227.778
-43.7503
-103.573
-63.4157
-42.623
-29.2306
-84.6147
-2533.23
-492.847
1500.13
-116.665
-176.188
-62.7898
-70.8324
-24.138
-7.40785
-7.1429
1799.76
186.666
-850.095
27.5867
-57.1414
-106.449
-216.665
-176.471
-280.952
-175.999
-29.2681
1.58704
8.92837
6.5219
12.1952
-30.9519
-49.9998
-185.715
-200.003
-115.789
2.12762
6.66662
7.54714
-65.2183
-371.431
1799.94
-599.996
-335.292
-357.142
-57.1431
-17.6474
11.4752
15.5552
-27.587
-152.63
-229.408
-190.473
-149.999
-244.443
-240.739
-212.499
-240.908
-173.334
-74.2863
-94.1172
-135.293
-2599.88
399.998
181.818
140.625
246.666
-340.008
-56.41
-20.9301
-22.8069
-11.5941
-31.2498
-8.98867
20.2247
12.3284
-46.6665
-563.631
924.997
-2433.29
-153.846
-58.8235
-30.6451
-55.9998
-11.628
-57.1436
-240.002
-408.332
-257.893
-60.9762
-22.2225
-23.5296
-93.0231
-520.012
-900.035
-170
-103.57
-137.93
560.005
588.896
-194.737
-148.486
-139.025
-800.007
-177.273
-144.001
-67.5678
-19.0478
250.007
233.329
-315.382
-75.5548
-66.6662
-141.172
766.71
675.039
-200
-135.135
-107.692
-61.4032
-34.6935
-40.4255
-181.816
-347.366
-112.195
-18.5187
5.76919
1.7369e-005
16.2791
3.70367
-123.076
-799.996
340.908
-1549.95
-3.03026
31.8183
13.2353
-24.1935
-107.316
-188.459
-599.993
20.8335
14.286
-47.5
-1699.97
-1974.96
-1440.02
-109.522
-34.9999
-159.999
-231.253
-222.222
1.88706
7.14292
-41.8183
-147.058
-125
-278.95
-400.009
1.39642e+007
-34.0007
-11.2903
-45.9015
-57.4466
-49.0907
-64.7056
-79.5451
-102.702
-102.941
-158.823
187.5
130.769
203.845
-366.663
-111.112
-36.1704
-40.9093
-70.9673
-22.7272
-73.1711
-77.1434
-70.9684
-27.2718
-83.332
-249.998
-100.001
-30.7698
-28.1252
-66.6663
-165.517
-231.818
-155.997
-69.5647
-16.9493
-11.1112
-25
-34.0908
-70.4547
-80.4879
-127.586
-164.285
-152.38
-179.999
-85.7142
-245.455
-780.007
749.992
-393.336
-610.01
-1060.04
315.385
186.668
227.274
350.007
-66.6663
-199.996
-427.268
-1.97081e+008
-240.907
-118.748
-97.7272
-166.666
-499.993
-113.637
-105.263
-9.09101
47.3694
-49.9918
199.998
1749.98
-208
-131.25
-146.428
-107.143
-85.7144
-16.6666
-45.4544
-32.6527
-24.5898
-122.728
-760.03
4400.51
-99.9993
-32.3075
-37.0369
36.3639
-240.02
-516.692
-174.076
-49.9995
-5.99995
-69.9996
-49.9993
-76.4698
-58.9739
-97.1425
-99.9997
-38.4613
-120.69
-158.334
450
307.692
-3599.9
-62.5001
-57.1429
-139.13
-688.884
-204.349
-170.001
-33.334
-185.004
-72.4154
-38.2356
2.04117
-47.7271
-155.882
-141.463
-93.7496
-36.1109
-17.9998
-18.0553
-29.4115
-53.5716
-329.999
-700.001
379.999
337.499
-240
-150
-135.294
-180.645
-78.7238
-50.0004
-1.58706
-15.7895
-70.9675
-177.271
-152.174
-263.16
-411.113
-343.479
-91.6667
-31.4815
-47.9175
-106.896
-148.275
-53.5708
-120.831
-299.997
-208.696
-72.5007
-39.5833
-221.052
850.014
310.527
-4198.95
-762.483
-399.994
655.55
236.842
849.985
-499.998
-109.755
-88.3717
-39.6551
-11.7648
13.0434
4.99995
-62.963
-190.907
-789.996
1212.49
1640
-171.428
