108.889
116.794
120.849
120.849
121.459
126.316
116.738
104.348
98.5074
99.2
106.695
96.9231
102.703
113.944
128.193
124.657
116.299
108.434
94.5257
90.6577
99.6403
115.141
117.668
115.151
114.827
118.45
114.504
108.949
105.535
99.6415
105.597
110
126.53
127.71
121.633
115.672
107.326
119.167
117.769
123.206
117.46
124.681
113.793
105.515
98.9865
105.245
107.823
107.665
113.454
114.342
113.953
111.111
112.545
108.163
101.553
99.3994
103.385
108.387
108.711
109.195
110.931
128.037
133.962
137.745
125.652
118.41
110.566
109.574
109.091
115.273
116.27
114.768
110.853
113.359
120.895
123.236
113.492
108.429
100.345
100
105.556
113.712
113.636
106.102
105.992
107.296
106.13
104.182
105.245
96.4157
92.5169
102.19
122.519
129.921
121.168
120.224
117.871
111.673
96.8422
97.5946
100
111.111
103.125
98.4616
98.5075
113.793
125.182
126.223
123.859
125
125.11
119.737
115.02
113.793
117.442
123.387
121.621
117.308
109.824
111.355
116.165
119.2
114.981
113.97
116.03
111.94
105.682
96.831
105.263
115.126
125.225
117.796
114.113
115.891
112.774
116.794
114.624
121.25
114.815
113.821
110.373
108.835
106.391
111.786
113.898
116.854
120.158
120.164
124.206
123.555
123.585
112.5
112.313
106.498
99.9999
95.2728
98.94
105.454
106.767
110.448
114.008
111.194
104.428
102.422
102.422
104.11
101.303
100
103.257
113.669
124.124
126.19
121.705
114.545
108.214
103.237
98.9511
99.6503
102.817
106.13
115.02
118.254
123.2
116.867
112.592
111.583
111.765
115.151
113.805
117.605
119.85
125.847
124.434
110.4
103.69
100.658
110.764
111.803
119.444
112.455
119.305
111.744
113.287
106.81
97.3783
97.544
104.276
109.657
110.377
106.501
110.596
114.652
115.267
113.603
117.1
116.923
121.586
113.865
115.88
116.03
114.285
111.347
105.323
110.879
120.524
134.529
134.156
123.773
116.842
109.364
111.475
106.709
112.624
114.786
125.55
126.222
125.423
123.651
122.707
112.301
112.692
111.029
119.772
114.504
106.741
103.077
107.308
116.733
120.553
113.108
117.669
119.763
125.702
120.243
113.74
108.518
107.885
106.452
104.301
94.5947
97.0589
101.767
113.846
116.929
117.977
120
118.623
111.328
104.301
98.6301
103.261
113.655
120.961
113.636
104.461
103.63
111.409
115.603
111.661
110.741
108.993
111.029
116.187
116.974
129.411
129.09
111.203
101.22
97.71
101.454
100.332
99.6845
107.973
104.854
99.9999
95.5933
99.3031
107.636
106.574
110.985
104.135
118.376
108.502
107.347
97.048
102.135
106.189
110.667
114.706
116.666
113.437
114.189
113.619
124.537
119.491
119.85
111.564
114.189
116.556
118.556
118.978
113.846
113.257
108.108
104.089
101.06
103.061
105.923
108.571
111.852
109.22
112.416
103.481
111.15
113.158
116.226
111.702
108.803
121.176
116.731
111.45
103.147
110.584
117.857
127.272
126.459
121.708
120
109.091
105.426
97.0803
104.198
104.545
102.076
99.6552
105.992
113.71
112.598
105.618
100.709
100.333
103.3
112.292
114.237
115.679
102.92
104.314
106.13
116.727
112.666
106.397
100.334
105.387
111.419
112.367
109.774
105.674
109.507
113.31
114.539
110.662
102.92
104.478
100.702
102.406
101.695
111.702
116.974
118.283
128.048
128.513
124.505
112.996
111.032
116.906
115.77
120.301
123.461
125
123.431
109.96
115.063
112.928
120.74
122.069
127.697
126.154
114.179
107.774
104.902
101.875
102.181
106.536
110.345
112.963
107.5
118.116
122.968
121.126
112.587
99.6805
105.782
111.273
122.709
115.662
105.836
100.4
108.366
116.47
116.785
108.09
98.5074
99.0797
104.545
112.631
113.261
113.818
107.299
98.6302
89.9372
94.0995
98.0393
106.093
115.625
128.5
130.244
121.576
109.677
105.426
111.397
119.377
117.931
108.696
100.639
99.6711
104.362
113.503
120.849
120.482
116.666
109.69
107.451
106.451
110.487
111.808
108.365
108.606
103.175
107.929
113.618
122.222
117.845
109.427
111.525
113.167
112.5
115.273
118.868
125.939
118.533
121.923
121.568
118.11
113.091
113.754
117.293
123.673
120.912
125.095
119.355
121.428
116.666
120.3
124.193
119.531
111.2
102.847
106.69
108.581
108.754
109.215
111.111
118.623
121.951
113.475
108.503
104.181
111.439
112.203
115.488
113.448
108.989
